1000
1000
999 923
632 998
659 823
500 589
48 390
535 215
444 906
288 676
6 698
151 832
936 113
126 318
420 457
849 469
951 235
158 675
672 950
773 789
378 329
720 272
488 425
331 254
931 931
629 618
451 937
50 779
97 386
844 175
645 516
752 692
367 595
545 909
698 37
368 317
590 75
501 87
342 76
8 832
450 272
209 636
414 900
286 258
434 511
27 128
821 77
673 778
687 186
225 217
535 384
461 591
679 124
201 961
793 19
292 208
844 241
142 500
759 257
769 427
556 191
270 795
573 376
563 942
160 258
644 787
378 694
819 103
65 56
76 18
227 857
98 367
868 70
329 239
667 626
818 96
891 221
598 87
30 463
722 160
947 188
883 365
468 324
381 701
720 532
389 456
824 947
17 487
726 691
318 345
441 392
614 134
222 331
795 211
371 250
440 516
881 317
642 322
23 349
882 22
479 742
688 270
757 302
993 705
50 482
874 310
445 490
823 487
699 667
918 617
133 69
387 356
679 13
363 28
51 701
443 244
514 529
831 130
835 270
753 824
134 885
375 626
114 578
245 197
814 812
882 162
519 947
961 268
297 196
897 323
567 347
876 339
470 80
351 706
530 304
189 103
730 663
242 564
761 843
655 486
648 574
521 536
804 166
363 481
804 100
448 259
599 371
452 322
29 68
373 803
906 558
221 562
126 635
478 461
948 887
461 132
669 595
762 982
463 472
573 124
384 267
638 19
343 983
52 89
892 370
929 424
986 797
432 148
611 111
998 909
41 558
153 459
441 709
182 915
39 904
171 754
774 422
405 808
897 115
487 456
880 789
585 414
564 866
977 16
925 173
731 975
434 966
675 884
799 875
778 856
611 837
259 949
757 384
500 664
120 653
442 986
400 1000
865 26
43 963
136 842
817 968
933 867
751 250
125 607
464 549
386 903
851 73
458 644
308 607
260 957
942 427
427 701
728 341
305 291
133 770
737 440
307 949
199 670
277 57
606 322
225 740
814 991
635 75
682 271
228 943
370 942
643 169
511 796
87 370
140 815
255 219
168 877
547 562
620 366
689 823
564 225
216 913
989 377
648 851
794 670
611 875
44 162
959 253
623 554
369 44
264 763
640 623
185 431
798 185
9 804
29 485
399 571
948 245
96 386
57 596
471 889
52 667
921 514
68 9
55 543
306 436
60 318
750 945
130 244
49 547
33 137
709 77
323 430
817 657
253 418
307 873
540 723
237 358
368 460
3 304
741 422
741 308
253 800
44 490
37 382
520 92
170 68
499 228
886 492
910 315
189 137
861 216
575 728
189 96
401 942
364 190
499 140
941 103
594 751
134 985
77 630
698 653
882 245
738 196
513 767
905 647
864 701
429 765
862 437
380 617
808 262
403 743
847 306
58 343
328 440
70 190
844 403
650 768
964 725
493 386
34 476
177 397
162 897
334 606
223 23
286 713
457 30
337 688
32 303
743 394
585 358
762 813
580 428
154 411
798 544
20 646
43 831
728 196
802 204
228 61
775 24
55 512
201 230
534 391
785 232
591 276
89 369
798 352
764 668
212 951
597 561
392 231
428 639
843 119
181 229
254 69
583 955
185 307
699 783
15 718
994 483
852 605
958 82
751 650
601 721
282 962
193 197
836 673
792 620
850 678
748 972
927 102
410 330
113 110
829 107
591 127
733 823
905 443
93 690
411 655
617 693
890 692
365 810
430 725
404 156
128 279
382 151
482 54
165 791
900 594
722 994
816 490
933 454
144 720
375 24
717 554
246 992
802 607
332 610
767 231
511 735
887 894
949 892
683 367
962 112
106 582
72 683
137 922
642 3
28 280
835 15
8 745
352 79
690 809
40 683
418 456
350 550
442 303
671 298
411 123
706 632
315 516
438 777
781 451
732 78
95 808
553 566
646 102
911 904
587 336
792 950
500 4
308 141
440 941
65 979
611 850
366 770
547 926
377 804
882 327
135 108
675 977
79 688
592 320
656 989
939 177
182 447
589 438
380 489
469 27
878 444
214 78
4 243
47 761
88 380
489 929
905 222
910 162
483 984
973 501
679 138
586 912
350 861
350 174
202 729
173 818
897 79
323 386
147 901
281 369
298 234
457 769
932 202
186 366
867 414
554 158
70 545
406 138
313 419
148 756
574 515
594 320
707 470
370 917
285 853
87 651
420 582
785 543
909 351
766 970
128 776
321 319
458 196
616 727
482 771
286 763
83 54
525 880
796 789
643 895
545 80
663 729
272 965
316 447
417 180
956 81
401 544
741 276
3 858
629 356
120 485
540 915
794 202
992 63
959 589
670 633
362 503
468 332
779 634
814 783
865 195
740 770
46 265
123 480
837 48
534 752
666 955
157 72
137 459
49 148
782 94
598 718
50 143
777 64
848 829
24 591
361 712
977 763
243 406
455 99
852 78
34 988
61 517
977 190
339 197
292 25
744 120
264 890
955 793
622 39
631 802
514 645
408 991
397 490
590 650
729 851
839 440
958 763
953 900
97 934
959 291
412 388
279 702
496 675
715 232
34 116
762 345
336 547
37 169
820 732
583 626
67 548
311 421
321 24
958 263
556 417
807 917
619 967
642 84
317 113
231 356
701 350
898 993
162 36
768 934
561 981
530 350
772 627
651 840
104 92
511 609
526 659
626 316
401 144
259 267
623 717
67 488
481 323
360 964
898 642
623 127
478 458
85 151
992 249
342 735
344 95
754 852
169 869
14 379
647 568
285 271
760 269
593 351
316 240
882 953
80 212
671 505
657 557
807 755
490 648
744 148
1 833
702 497
877 168
738 715
987 523
793 22
374 746
986 385
338 689
902 868
373 417
975 571
326 28
677 781
930 816
649 420
918 931
100 350
66 794
317 837
859 51
798 108
494 231
921 783
651 831
248 822
393 22
52 221
3 719
534 729
149 932
863 182
534 65
860 962
798 599
651 176
286 656
888 447
231 779
610 808
629 881
904 857
79 21
740 956
684 80
13 274
457 833
898 875
836 990
588 758
934 633
289 238
686 218
998 176
984 916
797 607
464 613
634 700
656 542
623 374
648 339
172 635
510 104
94 69
827 346
980 682
920 761
980 268
445 605
521 977
584 428
41 316
17 46
589 675
49 672
12 211
847 697
801 183
253 356
703 895
576 79
840 682
950 495
100 819
796 394
823 620
937 378
425 864
539 953
626 13
225 587
284 637
821 70
428 83
978 72
153 129
811 554
49 993
812 761
155 148
769 607
985 978
841 705
658 410
424 379
966 283
920 648
719 249
333 740
813 146
276 310
864 966
958 86
847 913
62 769
376 0
979 830
535 360
771 819
198 192
476 193
842 162
412 395
136 560
707 744
55 949
914 982
68 919
832 872
641 914
915 892
722 15
376 893
712 256
449 146
340 909
72 924
319 181
742 483
227 454
403 448
429 281
200 316
188 496
410 30
923 828
843 324
217 644
901 218
365 928
837 348
272 705
886 908
391 590
45 627
75 617
899 447
763 503
1000 98
129 950
778 409
734 51
697 620
839 951
879 596
945 203
908 715
623 216
807 794
421 12
630 851
298 495
999 528
627 60
10 999
408 756
808 787
407 141
92 503
100 245
449 971
686 43
260 357
151 308
321 66
917 571
66 951
479 214
275 63
62 105
861 284
72 469
611 668
172 478
724 702
672 271
315 172
530 357
665 575
641 680
250 986
936 557
772 315
380 415
521 45
330 441
911 381
50 401
879 520
223 221
492 602
775 894
251 807
382 304
984 916
901 21
580 233
549 837
252 350
397 928
369 772
153 726
127 279
799 202
424 5
608 21
915 916
722 383
688 165
81 103
125 671
905 982
819 704
55 453
382 69
841 451
177 750
29 994
197 303
309 828
849 620
535 917
300 764
930 256
360 987
658 10
992 484
189 562
16 810
880 242
694 397
147 720
714 870
174 175
4 910
530 482
399 853
617 64
322 699
685 545
556 681
165 342
905 548
358 353
596 920
317 236
957 289
159 464
640 671
581 332
815 643
496 110
175 213
912 111
657 496
177 597
939 212
761 341
695 844
764 117
355 290
579 79
544 310
982 738
71 183
826 562
672 885
98 321
433 847
343 9
607 89
303 519
860 545
389 62
180 554
845 151
232 534
845 423
162 775
958 826
387 231
116 784
106 58
905 213
224 538
628 247
766 830
375 930
992 626
180 763
915 170
705 24
448 145
921 548
374 609
840 879
663 761
819 956
170 768
306 724
971 393
223 933
863 737
362 597
360 854
25 542
567 273
420 729
277 13
623 340
219 651
412 462
418 881
649 230
954 587
980 954
887 925
662 201
799 749
603 22
565 157
432 626
355 130
145 851
191 632
283 766
229 409
290 694
924 646
233 939
893 878
802 211
414 779
528 463
486 211
369 129
756 50
182 800
651 110
743 325
92 841
250 24
718 319
965 539
478 641
519 197
409 370
149 320
784 823
34 676
806 269
320 403
203 561
672 500
826 854
694 414
439 917
237 944
483 156
798 201
399 960
330 315
636 808
630 478
155 419
688 664
